388
196
158
140
448
411
294
186
487
255
8
285
366
69
39
265
372
340
400
291
338
159
7
284
408
19
238
354
373
397
1
360
103
461
208
464
16
201
377
174
378
244
62
342
59
151
334
486
321
184
66
386
75
21
194
343
185
17
13
160
34
258
70
458
58
146
476
301
405
61
77
394
462
166
197
233
313
187
157
12
52
123
135
246
231
129
0
23
356
326
396
353
173
478
29
275
206
111
183
466
422
11
440
89
6
383
276
432
163
143
477
181
281
131
330
482
264
250
389
499
385
195
10
444
119
315
459
292
428
269
322
365
497
88
124
51
41
245
149
414
495
126
38
24
443
25
53
114
139
92
479
455
403
417
350
260
279
352
56
215
442
496
438
446
331
391
426
441
261
252
171
303
300
420
431
44
344
270
451
288
209
100
73
254
42
107
421
204
106
110
406
494
37
454
236
359
379
96
86
467
293
488
2
329
154
235
223
410
98
419
76
112
216
79
71
307
36
256
317
74
333
188
401
48
4
68
142
57
267
309
468
118
439
346
450
95
380
33
402
290
105
189
138
268
341
67
116
498
130
199
99
218
297
47
133
226
278
117
311
296
398
232
273
191
115
20
295
94
492
259
266
332
475
328
463
242
384
305
109
202
412
370
26
102
310
121
262
176
381
141
445
429
60
308
376
324
162
430
134
247
287
179
85
425
84
460
374
283
80
272
493
113
3
224
470
54
436
263
192
323
382
50
168
456
237
280
127
457
30
210
72
368
351
465
78
40
449
203
434
27
93
214
241
399
55
337
418
132
180
200
355
289
164
392
361
274
248
150
362
474
104
409
207
190
5
304
390
413
65
471
286
415
120
348
155
473
234
335
483
182
491
481
416
198
178
336
367
480
64
217
212
240
357
447
484
298
161
452
318
228
