sd0304 1 0 0 0
sd0407 1 189 189 189
sop0102 1 0 0 0
sop0106 1 0 0 0
sop0109 1 0 0 0
sop0310 1 0 0 0
sd0108 2 132 132 0
sd0109 2 51 26 25
sd0403 2 11 10 1
sop0103 2 171 171 0
sop0308 2 1 1 0
sd0106 3 41 27 7
sop0311 3 241 133 30
sop0409 3 1 1 0
sop0406 4 35 15 0
sop0408 4 494 298 1
sd0104 5 793 229 43
sop0201 5 12510 3658 789
sop0405 5 1281 371 142
sd0105 9 129 44 0
sop0402 10 1431 294 5
sop0105 12 289 87 0
sd0305 14 0 0 0
sop0401 16 1424 216 3
sd0401 21 0 0 0
sop0407 23 511 143 0
sd0303 29 4 2 0
sop0301 37 2415 326 0
nlau 50 3043 237 0
sop0107 54 7932 3726 0
sd0301 61 0 0 0
sop0404 85 8842 4210 0
sd0402 90 133 131 0
sd0405 97 26 10 0
sd0406 188 151 131 0
